4/1/BEGINNER/0 9,1 9/1 0 2 0,0 1 0 2,0 4 0 9
5/2/BEGINNER/0 1,1 5/1 0 0 11,4 3 0 11,1 4 0 12
16/2/INTERMEDIATE/0 9,1 9,2 9,3 5/3 2 0 9,1 3 2 0,2 4 0 10
17/2/INTERMEDIATE/0 11,1 5/0 0 0 1,4 0 0 11,3 1 1 6
18/1/INTERMEDIATE/0 1/2 1 0 3,1 3 0 9,3 3 0 9,1 4 0 9,2 4 0 11,3 4 0 9
19/2/INTERMEDIATE/0 9,1 9,2 5/3 0 0 11,1 1 0 1,3 3 1 10
20/3/INTERMEDIATE/0 1,1 5,2 5/3 0 0 11,0 1 1 10,4 1 0 12,1 2 0 3,4 2 0 11
31/1/ADVANCED/0 9,1 7/0 0 0 9,3 0 0 9,0 2 0 2,4 3 0 1,0 4 0 12,3 4 0 11
32/2/ADVANCED/0 9,1 9,2 5/2 0 0 9,4 0 0 9,1 2 0 1,3 2 0 8,4 3 0 2,0 4 1 6
33/2/ADVANCED/0 9,1 5/2 1 0 7,4 1 0 11,0 3 0 1,2 3 0 12,3 4 0 11
34/1/ADVANCED/0 9,1 9,2 9,3 9/2 0 2 0,3 1 3 10,3 2 0 3,0 3 1 6
35/2/ADVANCED/0 7/2 0 0 9,0 1 0 11,1 1 0 3,3 1 0 1,1 2 0 9,2 2 0 5,0 3 0 9,2 3 0 9
46/3/EXPERT/0 1,1 5,2 5,3 3/1 0 0 11,2 0 0 9,1 1 0 12,3 2 0 9,1 3 0 9,2 3 0 8
47/3/EXPERT/0 1,1 7,2 5/4 0 0 11,1 2 1 2,0 3 0 11,1 3 0 12,2 3 0 5,2 4 0 9,4 4 0 11
48/3/EXPERT/0 9,1 9,2 9,3 5,4 5/4 0 2 0,0 1 0 12,1 1 2 10,1 2 0 6,1 3 0 10
49/3/EXPERT/0 9,1 9,2 9,3 9/1 1 0 5,4 1 0 9,4 2 3 0,2 3 0 5
50/3/EXPERT/0 1,1 9,2 9,3 5/0 0 0 11,3 2 1 2,1 3 1 4,2 3 0 11,3 4 0 12,4 4 0 11
