0 0 2 10,1 0 2 0,0 1 0 2,0 4 2 8,1 4 1 8
1 0 2 10,0 3 1 0,1 3 0 4,4 3 3 10,1 4 0 12
0 2 3 8,2 2 1 4,3 2 3 10,1 3 2 0,0 4 2 8,1 4 1 8,2 4 0 10
0 0 1 0,3 0 1 4,4 0 3 10,3 1 1 6,4 1 3 10
2 0 2 0,2 1 0 2,1 3 3 8,3 3 0 8,1 4 2 8,2 4 1 10,3 4 1 8
3 0 2 10,1 1 1 0,3 1 0 4,4 1 0 8,3 3 1 10,4 3 1 8
3 0 2 10,0 1 1 10,3 1 1 4,4 1 0 12,0 2 1 0,1 2 1 2,3 2 0 4,4 2 3 10
0 0 3 8,3 0 0 8,0 2 0 2,0 3 2 8,3 3 1 6,4 3 3 0,0 4 0 12,3 4 0 10
2 0 1 10,3 0 0 4,4 0 0 8,0 2 3 8,1 2 3 0,3 2 0 10,4 3 0 2,0 4 1 6,4 4 1 8
2 1 0 6,4 1 3 10,0 3 2 0,2 3 0 12,0 4 2 8,2 4 0 4,3 4 3 10
2 0 2 0,0 1 3 8,3 1 3 10,2 2 2 8,3 2 1 2,4 2 0 8,0 3 1 6,4 3 1 8
0 0 0 6,2 0 0 8,0 1 2 10,1 1 1 2,3 1 3 0,1 2 1 10,2 2 0 4,0 3 2 8,2 3 1 8
1 0 2 10,2 0 2 10,1 1 0 12,2 1 0 2,1 2 0 4,2 2 0 4,3 2 3 10,1 3 2 8,2 3 0 8,2 4 0 0
4 0 2 10,0 2 1 0,1 2 1 2,2 2 1 4,4 2 0 6,0 3 1 10,1 3 0 12,2 3 0 4,2 4 2 8,4 4 3 10
0 0 2 10,4 0 2 0,0 1 0 12,1 1 2 10,0 2 0 4,1 2 0 6,4 2 0 4,1 3 0 10,0 4 2 8,4 4 1 8
1 0 2 10,1 1 0 4,4 1 3 10,2 2 3 8,4 2 3 0,1 3 2 8,2 3 0 4,2 4 0 10
0 0 2 10,0 2 2 8,1 2 0 4,3 2 1 2,4 2 3 0,1 3 1 4,2 3 3 10,1 4 2 8,3 4 0 12,4 4 3 10